42000 5850 3
38500 4000 2
49500 3060 3
60500 6650 3
61000 6360 2
66000 4160 3
66000 3880 3
69000 4160 3
83800 4800 3
88500 5500 3
90000 7200 3
30500 3000 2
27000 1700 3
36000 2880 3
37000 3600 2
37900 3185 2
40500 3300 3
40750 5200 4
45000 3450 1
45000 3986 2
48500 4785 3
65900 4510 4
37900 4000 3
38000 3934 2
42000 4960 2
42300 3000 2
43500 3800 2
44000 4960 2
44500 3000 3
44900 4500 3
45000 3500 2
48000 3500 4
49000 4000 2
51500 4500 2
61000 6360 2
61000 4500 2
61700 4032 2
67000 5170 3
82000 5400 4
54500 3150 2
66500 3745 3
70000 4520 3
82000 4640 4
92000 8580 5
38000 2000 2
44000 2160 3
41000 3040 2
43000 3090 3
48000 4960 4
54800 3350 3
55000 5300 5
57000 4100 4
68000 9166 2
95000 4040 3
38000 3630 3
25000 3620 2
25245 2400 3
56000 7260 3
35500 4400 3
30000 2400 3
48000 4120 2
48000 4750 2
52000 4280 2
54000 4820 3
56000 5500 4
60000 5500 3
60000 5040 3
67000 6000 2
47000 2500 2
70000 4095 3
45000 4095 2
51000 3150 3
32500 1836 2
34000 2475 3
35000 3210 3
36000 3180 3
45000 1650 3
47000 3180 4
55000 3180 2
63900 6360 2
50000 4240 3
35000 3240 2
50000 3650 3
43000 3240 3
55500 3780 2
57000 6480 3
60000 5850 2
78000 3150 3
35000 3000 2
44000 3090 2
47000 6060 3
58000 5900 4
163000 7420 4
128000 8500 3
123500 8050 3
39000 6800 2
53900 8250 3
59900 8250 3
35000 3500 2
43000 2835 2
57000 4500 3
79000 3300 3
125000 4320 3
132000 3500 4
58000 4992 3
43000 4600 2
48000 3720 2
58500 3680 3
73000 3000 3
63500 3750 2
43000 5076 3
46500 4500 2
92000 5000 3
75000 4260 4
75000 6540 4
85000 3700 4
93000 3760 3
94500 4000 3
106500 4300 3
116000 6840 5
61500 4400 2
80000 10500 4
37000 4400 2
59500 4840 3
70000 4120 2
95000 4260 4
117000 5960 3
122500 8800 3
123500 4560 3
127000 4600 3
35000 4840 2
44500 3850 3
49900 4900 3
50500 3850 3
65000 3760 3
90000 6000 4
46000 4370 3
35000 7700 2
26500 2990 2
43000 3750 3
56000 3000 3
40000 2650 3
51000 4500 4
51000 4500 2
57250 4500 3
44000 4500 2
61000 2175 3
62000 4500 3
80000 4800 5
50000 4600 4
59900 3450 3
35500 3000 3
37000 3600 2
42000 3600 3
48000 3750 3
60000 2610 4
60000 2953 3
60000 2747 4
62000 1905 5
63000 3968 3
63900 3162 3
130000 6000 4
25000 2910 3
50000 2135 3
52900 3120 3
62000 4075 3
73500 3410 3
38000 2800 3
46000 2684 2
48000 3100 3
52500 3630 2
32000 1950 3
38000 2430 3
46000 4320 3
50000 3036 3
57500 3630 3
70000 5400 4
69900 3420 4
74500 3180 3
42000 3660 4
60000 4410 2
50000 3990 3
58000 4340 3
63900 3510 3
28000 3420 5
54000 3420 2
44700 5495 3
47000 3480 4
50000 7424 3
57250 3460 4
67000 3630 3
52500 3630 2
42000 3480 3
57500 3460 3
33000 3180 2
34400 3635 2
40000 3960 3
40500 4350 3
46500 3930 2
52000 3570 3
53000 3600 3
53900 2520 5
50000 3480 3
55500 3180 4
56000 3290 2
60000 4000 4
60000 2325 3
69500 4350 2
72000 3540 2
92500 3960 3
40500 2640 2
42000 2700 2
47900 2700 3
52000 3180 3
62000 3500 4
41000 3630 2
138300 6000 4
42000 3150 3
47000 3792 4
64500 3510 3
46000 3120 3
58000 3000 4
70100 4200 3
78500 2817 4
87250 3240 4
70800 2800 3
56000 3816 2
48000 3185 2
68000 6321 3
79000 3650 3
80000 4700 4
87000 6615 4
25000 3850 3
32500 3970 1
36000 3000 2
42500 4352 4
43000 3630 4
50000 3600 6
26000 3000 2
30000 3000 4
34000 2787 4
52000 3000 2
70000 4770 3
27000 3649 2
32500 3970 3
37200 2910 2
38000 3480 2
42000 6615 3
44500 3500 2
45000 3450 3
48500 3450 3
52000 3520 2
53900 6930 4
60000 4600 3
61000 4360 4
64500 3450 3
71000 4410 4
75500 4600 2
33500 3640 2
41000 6000 2
41000 5400 4
46200 3640 4
48500 3640 2
48900 4040 2
50000 3640 2
51000 3640 2
52500 5640 2
52500 3600 2
54000 3600 2
59000 4632 4
60000 3640 3
63000 4900 2
64000 4510 4
64900 4100 2
65000 3640 3
66000 5680 3
70000 6300 3
65500 4000 3
57000 3960 3
52000 5960 3
54000 5830 2
74500 4500 4
90000 4100 3
45000 6750 2
45000 9000 3
65000 2550 3
55000 7152 3
62000 6450 4
30000 3360 2
34000 3264 2
38000 4000 3
39000 4000 3
45000 3069 2
47000 4040 2
47500 4040 2
49000 3185 2
50000 5900 2
50000 3120 3
52900 5450 2
53000 4040 2
55000 4080 2
56000 8080 3
58500 4040 2
59500 4080 3
60000 5800 3
64000 5885 2
67000 9667 4
68100 3420 4
70000 5800 2
72000 7600 4
57500 5400 3
69900 4995 4
70000 3000 3
75000 5500 3
76900 6450 3
78000 6210 4
80000 5000 3
82000 5000 3
83000 5828 4
83000 5200 3
83900 5500 3
88500 6350 3
93000 8250 3
98000 6000 3
98500 7700 3
99000 8880 3
101000 8880 2
110000 6480 3
115442 7000 3
120000 8875 3
124000 7155 3
175000 8960 4
50000 7350 2
55000 3850 2
60000 7000 3
61000 7770 2
106000 7440 3
155000 7500 3
141000 8100 4
62500 3900 3
70000 2970 3
73000 3000 3
80000 10500 2
80000 5500 3
88000 4500 3
49000 3850 3
52000 4130 3
59500 4046 3
60000 4079 3
64000 4000 3
64500 9860 3
68500 7000 3
78500 7980 3
86000 6800 2
86900 4300 6
75000 10269 3
78000 6100 3
95000 6420 3
97000 12090 4
107000 6600 3
130000 6600 4
145000 8580 4
175000 9960 3
72000 10700 3
84900 15600 3
99000 13200 2
114000 9000 4
120000 7950 5
145000 16200 5
79000 6100 3
82000 6360 3
85000 6420 3
100500 6360 4
122000 6540 4
126500 6420 3
133000 6550 4
140000 5750 3
190000 7420 4
84000 7160 3
97000 4000 3
103500 9000 4
112500 6550 3
140000 13200 3
74700 7085 3
78000 6600 4
78900 6900 3
83900 11460 3
85000 7020 3
85000 6540 3
86000 8000 3
86900 9620 3
94500 10500 3
96000 5020 3
106000 7440 3
72000 6600 3
74500 7200 3
77000 6710 3
80750 6660 4
82900 7000 3
85000 7231 3
92500 7410 3
76000 7800 3
77500 6825 3
80000 6360 3
80000 6600 4
86000 6900 3
87000 6600 3
87500 6420 3
89000 6600 3
89900 6600 3
90000 9000 3
95000 6500 3
112000 6360 3
31900 5300 3
52000 2850 3
90000 6400 3
1.00E+05 11175 3
91700 6750 2
174500 7500 4
94700 6000 3
68000 10240 2
80000 5136 3
61100 3400 3
62900 2880 3
65500 3840 3
66000 2870 2
49500 5320 2
50000 3512 2
53500 3480 2
58550 3600 3
64500 3520 2
65000 5320 3
69000 6040 3
73000 11410 2
75000 8400 3
75000 5300 4
132000 7800 3
60000 3520 3
65000 5360 3
69000 6862 3
51900 3520 3
57000 4050 2
65000 3520 3
79500 4400 4
72500 5720 2
104900 11440 4
114900 7482 3
120000 5500 4
58000 4320 3
67000 5400 2
67000 4320 3
69000 4815 2
73000 6100 3
73500 7980 3
74900 6050 3
75000 3800 3
79500 5400 5
120900 6000 3
44555 2398 3
47000 2145 3
47600 2145 3
49000 2145 3
49000 2610 3
49000 1950 3
49500 2145 3
52000 2275 3
54000 2856 3
55000 2015 3
55000 2176 2
56000 2145 4
60000 2145 3
60500 2787 3
50000 9500 3
64900 4990 4
93000 6670 3
85000 6254 4
61500 10360 2
88500 5500 3
88000 5450 4
89000 5500 3
89500 6000 4
95000 5700 3
95500 6600 2
51500 4000 2
62900 4880 3
118500 4880 4
42900 8050 2
44100 8100 2
47000 5880 3
50000 5880 2
50000 12944 3
53000 6020 3
53000 4050 2
54000 8400 2
58500 5600 2
59000 5985 3
60000 4500 3
62900 4920 3
64000 8250 3
65000 8400 4
67900 6440 2
68500 8100 4
70000 6720 3
70500 5948 3
71500 8150 3
71900 4800 2
75000 9800 4
75000 8520 3
87000 8372 3
64000 4040 3
70000 4646 3
47500 4775 4
62600 4950 4
66000 5010 3
58900 6060 2
53000 3584 2
95000 6000 3
96500 6000 4
101000 6240 4
102000 6000 3
103000 7680 4
105000 6000 4
108000 6000 4
110000 6000 4
113000 6000 4
120000 7475 3
105000 5150 3
106000 6325 3
107500 6000 3
108000 6000 3
113750 6000 3
120000 7000 3
70000 12900 3
71000 7686 3
82000 5000 3
82000 5800 3
82500 6000 3
83000 4800 3
84000 6500 3
85000 7320 4
85000 6525 3
91500 4800 3
94000 6000 3
103000 6000 3
105000 6000 3
105000 6000 3